2 0.816026 0.604207 0.150000 0.075240
2 0.540545 0.185216 0.083013 0.082933
2 0.901923 0.558894 0.126923 0.072115
2 0.198878 0.179808 0.110577 0.111538
2 0.095513 0.082452 0.169231 0.080769
2 0.541346 0.638101 0.075641 0.040625
2 0.836378 0.799279 0.132372 0.117788
2 0.848718 0.268750 0.119231 0.064423
1 0.628686 0.775841 0.104808 0.186779
1 0.870673 0.700361 0.163141 0.123317
1 0.324199 0.571394 0.049679 0.108173
1 0.268109 0.632091 0.097756 0.041587
1 0.416667 0.599880 0.042308 0.057933
1 0.412340 0.497236 0.065705 0.042548
1 0.609776 0.333293 0.049679 0.042548
1 0.673077 0.366587 0.091667 0.080769
1 0.407372 0.409736 0.037821 0.081971
1 0.618429 0.491707 0.055449 0.051202
