2 0.808667 0.260250 0.256667 0.086000
2 0.513000 0.052625 0.091333 0.096750
2 0.870333 0.073375 0.150667 0.059750
2 0.906500 0.148875 0.179667 0.056750
2 0.568833 0.680375 0.081000 0.119750
2 0.909333 0.937500 0.139333 0.081500
2 0.084000 0.634250 0.117333 0.144500
2 0.348500 0.243875 0.069667 0.096750
3 0.456500 0.429875 0.085667 0.046750
3 0.305000 0.842375 0.176667 0.191250
1 0.439167 0.393500 0.114333 0.050000
1 0.531000 0.382500 0.049333 0.156500
1 0.834667 0.432000 0.126000 0.181500
1 0.785500 0.766875 0.279667 0.059750
1 0.623167 0.859750 0.129000 0.187000
1 0.476000 0.731500 0.118667 0.141500
1 0.384000 0.650500 0.111333 0.099000
1 0.435500 0.565750 0.107000 0.092500
3 0.633333 0.334250 0.181333 0.086000
3 0.926167 0.192375 0.137667 0.089250
1 0.667333 0.165750 0.118667 0.129500
1 0.435500 0.236375 0.115667 0.138250
3 0.106333 0.096250 0.212000 0.192000
