3 0.689815 0.685764 0.222222 0.075694
3 0.775926 0.875347 0.314815 0.215972
3 0.471759 0.874306 0.084259 0.087500
3 0.468056 0.937847 0.156481 0.043750
3 0.497685 0.728125 0.108333 0.034028
3 0.393981 0.598264 0.123148 0.035417
3 0.710648 0.553472 0.106481 0.125000
3 0.713426 0.405556 0.195370 0.150000
3 0.562963 0.101389 0.185185 0.054167
3 0.393056 0.089583 0.110185 0.161111
2 0.162963 0.473264 0.318519 0.185417
2 0.113889 0.642361 0.209259 0.138889
2 0.493981 0.634722 0.113889 0.073611
2 0.837037 0.661111 0.094444 0.133333
2 0.694444 0.352431 0.077778 0.159028
2 0.450926 0.238889 0.275926 0.063889
1 0.144444 0.229861 0.222222 0.125000
1 0.729167 0.235069 0.143519 0.082639
1 0.856481 0.773264 0.129630 0.075694
